2
3
5003
5
7
5009
11
5011
13
17
19
5021
23
5023
29
31
37
5039
41
43
47
5051
53
59
5059
61
67
71
73
5077
79
5081
83
5087
89
97
5099
101
5101
103
107
5107
109
113
5113
5119
127
131
137
139
149
5147
151
5153
157
163
167
5167
173
5171
179
181
5179
191
5189
193
197
199
5197
211
5209
223
227
229
5227
233
5231
5233
239
241
251
257
263
269
271
277
281
283
293
307
311
313
317
331
337
347
349
353
359
367
373
379
383
389
397
401
409
419
421
431
433
439
443
449
457
461
463
467
479
487
491
499
503
509
521
523
541
547
557
563
569
571
577
587
593
599
601
607
613
617
619
631
641
643
647
653
659
661
673
677
683
691
701
709
719
727
733
739
743
751
757
761
769
773
787
797
809
811
821
823
827
829
839
853
857
859
863
877
881
883
887
907
911
919
929
937
941
947
953
967
971
977
983
991
997
1009
1013
1019
1021
1031
1033
1039
1049
1051
1061
1063
1069
1087
1091
1093
1097
1103
1109
1117
1123
1129
1151
1153
1163
1171
1181
1187
1193
1201
1213
1217
1223
1229
1231
1237
1249
1259
1277
1279
1283
1289
1291
1297
1301
1303
1307
1319
1321
5237
5261
5273
5279
5281
5297
5303
5309
5323
5333
5347
5351
5381
5387
5393
5399
5407
5413
5417
5419
5431
5437
5441
5443
5449
5471
5477
5479
5483
5501
5503
5507
5519
5521
5527
5531
5557
5563
5569
5573
5581
5591
5623
5639
5641
5647
5651
5653
5657
5659
5669
5683
5689
5693
5701
5711
5717
5737
5741
5743
5749
5779
5783
5791
5801
5807
5813
5821
5827
1327
1361
1367
1373
1381
1399
1409
1423
1427
1429
1433
1439
1447
1451
1453
1459
1471
1481
1483
1487
1489
1493
1499
1511
1523
1531
1543
1549
1553
1559
1567
1571
1579
1583
1597
1601
1607
1609
1613
1619
1621
1627
1637
1657
1663
1667
1669
1693
1697
1699
1709
1721
1723
1733
1741
1747
1753
1759
1777
1783
1787
1789
1801
1811
1823
1831
1847
1861
1867
1871
1873
1877
1879
1889
1901
1907
1913
1931
1933
1949
1951
1973
1979
1987
1993
1997
1999
2003
2011
2017
2027
2029
2039
2053
2063
2069
2081
2083
2087
2089
2099
2111
2113
2129
2131
2137
2141
2143
2153
2161
2179
2203
2207
2213
2221
2237
2239
2243
2251
2267
2269
2273
2281
2287
2293
2297
2309
2311
2333
2339
2341
2347
2351
2357
2371
2377
2381
2383
2389
2393
2399
2411
2417
2423
2437
2441
2447
2459
2467
2473
2477
2503
2521
2531
2539
2543
2549
2551
2557
2579
2591
2593
2609
2617
2621
2633
2647
2657
2659
2663
2671
2677
2683
2687
2689
2693
2699
2707
2711
2713
2719
2729
2731
2741
2749
5839
5843
5849
5851
5857
5861
5867
5869
5879
2753
5881
2767
2777
5897
2789
2791
5903
2797
2801
5923
2803
2819
2833
2837
2843
2851
2857
2861
2879
2887
2897
2903
2909
2917
2927
2939
2953
2957
5927
2963
2969
5939
2971
2999
5953
3001
3011
5981
3019
5987
3023
3037
6007
3041
3049
6011
3061
3067
6029
3079
3083
6037
3089
6043
3109
3119
6047
3121
6053
3137
3163
6067
3167
3169
6073
3181
6079
3187
3191
6089
3203
6091
3209
3217
6101
3221
6113
3229
6121
3251
3253
6131
3257
3259
6133
3271
6143
3299
6151
3301
3307
6163
3313
6173
3319
3323
3329
6197
3331
6199
3343
3347
6203
3359
6211
3361
3371
6217
3373
6221
3389
3391
6229
3407
6247
3413
6257
3433
6263
3449
3457
6269
3461
6271
3463
3467
6277
3469
6287
3491
3499
6299
3511
6301
3517
6311
3527
3529
6317
3533
6323
3539
3541
6329
3547
6337
3557
3559
6343
3571
6353
3581
3583
6359
3593
6361
3607
6367
3613
3617
6373
3623
6379
3631
3637
6389
3643
6397
3659
3671
6421
3673
6427
3677
3691
6449
3697
3701
6451
3709
6469
3719
3727
6473
3733
6481
3739
6491
3761
3767
3769
6521
3779
6529
3793
3797
6547
3803
6551
3821
6553
3823
6563
3833
6569
3847
3851
6571
3853
6577
3863
6581
3877
3881
6599
3889
6607
3907
3911
6619
3917
3919
6637
3923
3929
6653
3931
6659
3943
3947
6661
3967
6673
3989
6679
4001
6689
4003
6691
4007
4013
6701
4019
6703
4021
4027
6709
6719
4049
4051
6733
4057
6737
4073
4079
6761
4091
6763
4093
4099
6779
4111
6781
4127
6791
4129
6793
4133
4139
6803
4153
4157
6823
4159
6827
4177
6829
6833
4201
6841
4211
4217
6857
4219
6863
4229
4231
6869
4241
6871
4243
4253
6883
4259
4261
6899
4271
6907
4273
6911
4283
6917
4289
4297
6947
4327
6949
4337
4339
6959
4349
6961
4357
6967
4363
6971
4373
6977
4391
6983
4397
6991
4409
6997
4421
4423
7001
4441
7013
4447
7019
4451
4457
7027
4463
7039
4481
7043
4483
4493
7057
4507
7069
4513
4517
7079
4519
4523
7103
4547
7109
4549
7121
4561
4567
7127
4583
7129
4591
4597
7151
4603
7159
4621
7177
4637
7187
4639
4643
7193
4649
4651
7207
4657
7211
4663
7213
4673
7219
4679
4691
7229
4703
7237
4721
7243
4723
7247
4729
7253
4733
7283
4751
7297
4759
7307
4783
7309
4787
4789
7321
4793
7331
4799
4801
7333
4813
7349
7351
4817
7369
4831
7393
4861
7411
4871
7417
4877
7433
4889
7451
4903
7457
4909
7459
4919
4931
7477
4933
7481
4937
4943
7487
4951
4957
7489
4967
7499
4969
4973
7507
4987
7517
4993
7523
4999
7529
7537
7541
7547
7549
7559
7561
7573
7577
7583
7589
7591
7603
7607
7621
7639
7643
7649
7669
7673
7681
7687
7691
7699
7703
7717
7723
7727
7741
7753
7757
7759
7789
7793
7817
7823
7829
7841
7853
7867
7873
7877
7879
7883
7901
7907
7919
7927
7933
7937
7949
7951
7963
7993
8009
8011
8017
8039
8053
8059
8069
8081
8087
8089
8093
8101
8111
8117
8123
8147
8161
8167
8171
8179
8191
8209
8219
8221
8231
8233
8237
8243
8263
8269
8273
8287
8291
8293
8297
8311
8317
8329
8353
8363
8369
8377
8387
8389
8419
8423
8429
8431
8443
8447
8461
8467
8501
8513
8521
8527
8537
8539
8543
8563
8573
8581
8597
8599
8609
8623
8627
8629
8641
8647
8663
8669
8677
8681
8689
8693
8699
8707
8713
8719
8731
8737
8741
8747
8753
8761
8779
8783
8803
8807
8819
8821
8831
8837
8839
8849
8861
8863
8867
8887
8893
8923
8929
8933
8941
8951
8963
8969
8971
8999
9001
9007
9011
9013
9029
9041
9043
9049
9059
9067
9091
9103
9109
9127
9133
9137
9151
9157
9161
9173
9181
9187
9199
9203
9209
9221
9227
9239
9241
9257
9277
9281
9283
9293
9311
9319
9323
9337
9341
9343
9349
9371
9377
9391
9397
